Euclidean: 98.75%
Manhattan: 98.5%
Confusion Matrix euclidean (percentage): 
100 0 0 0 0 0 0 0 0 0 
0 100 0 0 0 0 0 0 0 0 
0 0 97.5 2.5 0 0 0 0 0 0 
0 0 0 100 0 0 0 0 0 0 
0 0 0 2.5 97.5 0 0 0 0 0 
0 0 0 0 0 100 0 0 0 0 
0 0 0 0 0 0 100 0 0 0 
0 0 0 0 0 0 0 95 0 5 
0 0 0 0 0 0 0 0 100 0 
0 0 0 0 0 0 0 0 0 100 

Confusion Matrix manhattan (percentage): 
100 0 0 0 0 0 0 0 0 0 
0 100 0 0 0 0 0 0 0 0 
0 0 100 0 0 0 0 0 0 0 
0 0 0 100 0 0 0 0 0 0 
0 0 0 0 100 0 0 0 0 0 
0 0 0 0 0 100 0 0 0 0 
0 0 0 0 0 0 97.5 2.5 0 0 
0 0 0 0 0 0 0 97.5 0 2.5 
0 0 0 0 0 0 0 0 100 0 
0 0 0 0 0 0 0 0 0 100 

Confusion Matrix euclidean (count): 
40 0 0 0 0 0 0 0 0 0 
0 40 0 0 0 0 0 0 0 0 
0 0 39 1 0 0 0 0 0 0 
0 0 0 40 0 0 0 0 0 0 
0 0 0 1 39 0 0 0 0 0 
0 0 0 0 0 40 0 0 0 0 
0 0 0 0 0 0 40 0 0 0 
0 0 0 0 0 0 0 38 0 2 
0 0 0 0 0 0 0 0 40 0 
0 0 0 0 0 0 0 0 0 40 

Confusion Matrix manhattan (count): 
40 0 0 0 0 0 0 0 0 0 
0 40 0 0 0 0 0 0 0 0 
0 0 40 0 0 0 0 0 0 0 
0 0 0 40 0 0 0 0 0 0 
0 0 0 0 40 0 0 0 0 0 
0 0 0 0 0 40 0 0 0 0 
0 0 0 0 0 0 39 1 0 0 
0 0 0 0 0 0 0 39 0 1 
0 0 0 0 0 0 0 0 40 0 
0 0 0 0 0 0 0 0 0 40 

