Euclidean dist: 3 - 99.5 5 - 99.5 7 - 99.25 9 - 98.75 11 - 99 13 - 99 15 - 99 

Manhattan dist: 3 - 99.75 5 - 99.5 7 - 99.5 9 - 99.25 11 - 99.5 13 - 99.25 15 - 99.5 

Confusion matrix manhattan (worst case @ n = 9 and acc = 99.25)
40 0 0 0 0 0 0 0 0 0 
0 40 0 0 0 0 0 0 0 0 
0 0 40 0 0 0 0 0 0 0 
0 0 0 40 0 0 0 0 0 0 
0 0 0 1 39 0 0 0 0 0 
0 0 0 0 0 40 0 0 0 0 
0 0 0 0 0 0 39 1 0 0 
0 0 0 0 0 0 0 39 0 1 
0 0 0 0 0 0 0 0 40 0 
0 0 0 0 0 0 0 0 0 40 

Confusion matrix manhattan (best case @ n = 3 and acc = 99.75)
40 0 0 0 0 0 0 0 0 0 
0 40 0 0 0 0 0 0 0 0 
0 0 40 0 0 0 0 0 0 0 
0 0 0 40 0 0 0 0 0 0 
0 0 0 0 40 0 0 0 0 0 
0 0 0 0 0 40 0 0 0 0 
0 0 0 0 0 0 39 1 0 0 
0 0 0 0 0 0 0 40 0 0 
0 0 0 0 0 0 0 0 40 0 
0 0 0 0 0 0 0 0 0 40 

Confusion matrix euclidean (worst case @ n = 9 and acc = 98.75)
40 0 0 0 0 0 0 0 0 0 
0 40 0 0 0 0 0 0 0 0 
0 0 39 1 0 0 0 0 0 0 
0 0 0 40 0 0 0 0 0 0 
0 0 0 1 39 0 0 0 0 0 
0 0 0 0 0 40 0 0 0 0 
0 0 0 0 0 0 39 1 0 0 
0 0 0 0 0 0 0 38 0 2 
0 0 0 0 0 0 0 0 40 0 
0 0 0 0 0 0 0 0 0 40 

Confusion matrix euclidean (worst case @ n = 3 and acc = 99.5)
40 0 0 0 0 0 0 0 0 0 
0 40 0 0 0 0 0 0 0 0 
0 0 39 1 0 0 0 0 0 0 
0 0 0 40 0 0 0 0 0 0 
0 0 0 1 39 0 0 0 0 0 
0 0 0 0 0 40 0 0 0 0 
0 0 0 0 0 0 40 0 0 0 
0 0 0 0 0 0 0 40 0 0 
0 0 0 0 0 0 0 0 40 0 
0 0 0 0 0 0 0 0 0 40 

